seqfile: 1.txt
treefile: 1v2.tree
omega: 0.135022
kappa: 2.543395
