seqfile: 1.txt
treefile: 1.trees
omega: 0.135022
kappa: 2.543395
